57,167,195,153
60,166,195,153
63,165,195,153
66,165,195,153
68,165,195,153
71,166,195,153
74,166,195,153
77,168,195,153
80,171,195,153
83,173,195,153
86,176,195,153
90,180,195,153
94,181,195,153
98,182,195,153
102,183,195,153
107,184,195,153
113,185,195,153
118,184,195,153
125,184,195,153
132,183,195,153
139,182,195,153
146,181,195,153
154,180,195,153
162,179,195,153
171,178,195,153
180,178,195,153
188,176,195,153
196,174,195,153
204,172,195,153
211,170,195,153
218,168,195,153
225,166,195,153
231,163,195,153
236,159,195,153
241,155,195,153
245,150,195,153
249,146,195,153
252,141,195,153
255,137,195,153
257,133,195,153
259,130,195,153
260,127,195,153
261,126,195,153
261,124,195,153
261,124,195,153
261,124,195,153
261,122,195,153
261,121,195,153
261,121,195,153
261,121,195,153
262,120,195,153
264,120,195,153
266,119,195,153
268,117,195,153
270,116,195,153
272,114,195,153
275,113,195,153
278,113,195,153
282,113,195,153
287,112,195,153
293,112,195,153
299,111,195,153
306,111,195,153
313,111,195,153
321,111,195,153
330,111,195,153
339,110,195,153
348,110,195,153
358,109,195,153
368,108,195,153
378,108,195,153
387,108,195,153
396,109,195,153
404,109,195,153
412,110,195,153
419,111,195,153
425,111,195,153
430,112,195,153
434,113,195,153
437,115,195,153
439,118,195,153
440,118,195,153
441,119,195,153
440,121,195,153
439,121,195,153
437,121,195,153
435,122,195,153
432,124,195,153
430,124,195,153
427,122,195,153
425,121,195,153
422,121,195,153
420,120,195,153
419,119,195,153
417,119,195,153
417,119,195,153
417,119,195,153
417,119,195,153
419,119,195,153
421,120,195,153
424,120,195,153
427,120,195,153
430,121,195,153
433,123,195,153
437,124,195,153
441,125,195,153
444,127,195,153
448,129,195,153
451,131,195,153
454,134,195,153
457,138,195,153
459,140,195,153
461,142,195,153
462,144,195,153
463,144,195,153
463,145,195,153
463,146,195,153
463,147,195,153
462,147,195,153
460,147,195,153
458,149,195,153
456,148,195,153
455,147,195,153
453,145,195,153
451,144,195,153
450,143,195,153
448,141,195,153
448,139,195,153
448,137,195,153
448,135,195,153
449,134,195,153
450,134,195,153
451,133,195,153
453,133,195,153
455,134,195,153
458,135,195,153
461,137,195,153
463,139,195,153
466,140,195,153
468,140,195,153
470,140,195,153
471,141,195,153
472,143,195,153
471,144,195,153
470,147,195,153
467,150,195,153
464,152,195,153
460,154,195,153
455,156,195,153
449,158,195,153
443,159,195,153
436,160,195,153
428,160,195,153
421,160,195,153
414,158,195,153
406,157,195,153
399,155,195,153
392,153,195,153
386,151,195,153
380,148,195,153
376,144,195,153
371,142,195,153
368,140,195,153
364,139,195,153
362,138,195,153
360,138,195,153
358,137,195,153
357,137,195,153
355,136,195,153
354,136,195,153
352,136,195,153
350,136,195,153
348,136,195,153
346,135,195,153
344,134,195,153
342,132,195,153
339,130,195,153
335,129,195,153
331,128,195,153
327,126,195,153
323,126,195,153
319,126,195,153
314,126,195,153
309,127,195,153
305,127,195,153
300,127,195,153
295,127,195,153
291,127,195,153
287,128,195,153
284,130,195,153
282,131,195,153
281,133,195,153
281,135,195,153
282,137,195,153
283,139,195,153
284,142,195,153
285,145,195,153
286,147,195,153
287,148,195,153
287,149,195,153
287,149,195,153
287,150,195,153
287,151,195,153
286,152,195,153
286,153,195,153
285,154,195,153
284,154,195,153
283,154,195,153
282,154,195,153
282,154,195,153
282,154,195,153
283,154,195,153
284,153,195,153
284,152,195,153
285,149,195,153
286,147,195,153
288,145,195,153
290,142,195,153
291,139,195,153
293,137,195,153
295,135,195,153
297,133,195,153
300,131,195,153
302,130,195,153
304,128,195,153
306,124,195,153
308,120,195,153
310,115,195,153
312,109,195,153
314,104,195,153
315,97,195,153
316,92,195,153
316,86,195,153
316,80,195,153
315,74,195,153
314,69,195,153
312,63,195,153
309,58,195,153
305,54,195,153
301,51,195,153
296,48,195,153
291,45,195,153
285,42,195,153
279,40,195,153
273,39,195,153
266,37,195,153
260,35,195,153
253,33,195,153
246,30,195,153
240,28,195,153
234,26,195,153
229,24,195,153
224,24,195,153
220,24,195,153
216,25,195,153
213,26,195,153
211,27,195,153
209,29,195,153
208,31,195,153
208,33,195,153
209,34,195,153
210,34,195,153
211,36,195,153
213,37,195,153
215,38,195,153
217,38,195,153
220,39,195,153
222,40,195,153
224,41,195,153
226,42,195,153
227,42,195,153
227,42,195,153
228,41,195,153
227,40,195,153
227,39,195,153
226,37,195,153
226,36,195,153
226,36,195,153
226,35,195,153
226,34,195,153
227,33,195,153
228,33,195,153
229,32,195,153
231,31,195,153
233,30,195,153
236,30,195,153
238,29,195,153
241,29,195,153
245,29,195,153
248,29,195,153
251,30,195,153
254,31,195,153
258,32,195,153
261,33,195,153
264,35,195,153
267,37,195,153
270,41,195,153
273,44,195,153
275,47,195,153
277,50,195,153
279,53,195,153
281,57,195,153
283,59,195,153
284,62,195,153
286,65,195,153
287,68,195,153
288,71,195,153
289,75,195,153
291,79,195,153
292,82,195,153
293,85,195,153
295,88,195,153
297,91,195,153
298,95,195,153
300,98,195,153
302,102,195,153
303,106,195,153
305,109,195,153
306,113,195,153
307,117,195,153
308,121,195,153
309,125,195,153
309,130,195,153
309,134,195,153
309,138,195,153
308,143,195,153
308,147,195,153
306,152,195,153
304,157,195,153
301,160,195,153
299,162,195,153
295,165,195,153
292,168,195,153
289,171,195,153
286,174,195,153
282,178,195,153
279,180,195,153
276,181,195,153
274,183,195,153
273,184,195,153
273,185,195,153
274,186,195,153
276,187,195,153
280,188,195,153
284,187,195,153
290,185,195,153
298,182,195,153
306,178,195,153
315,173,195,153
324,167,195,153
334,161,195,153
343,155,195,153
353,148,195,153
361,142,195,153
369,136,195,153
376,130,195,153
383,126,195,153
389,121,195,153
395,115,195,153
399,111,195,153
403,106,195,153
405,102,195,153
407,98,195,153
407,96,195,153
407,94,195,153
406,94,195,153
404,94,195,153
401,95,195,153
397,97,195,153
394,100,195,153
390,102,195,153
386,103,195,153
382,104,195,153
378,106,195,153
374,108,195,153
370,111,195,153
367,112,195,153
364,115,195,153
360,118,195,153
357,120,195,153
354,122,195,153
350,124,195,153
346,125,195,153
341,128,195,153
336,133,195,153
329,138,195,153
322,143,195,153
313,147,195,153
303,150,195,153
292,152,195,153
280,155,195,153
266,159,195,153
251,159,195,153
235,157,195,153
217,157,195,153
200,155,195,153
182,154,195,153
165,154,195,153
149,154,195,153
133,153,195,153
119,151,195,153
107,149,195,153
96,148,195,153
88,148,195,153
82,148,195,153
77,147,195,153
74,147,195,153
72,147,195,153
72,147,195,153
72,147,195,153
74,147,195,153
75,147,195,153
76,147,195,153
77,147,195,153
78,147,195,153
78,147,195,153
78,146,195,153
78,144,195,153
77,143,195,153
76,142,195,153
76,142,195,153
76,142,195,153
77,142,195,153
77,143,195,153
79,144,195,153
82,145,195,153
87,144,195,153
93,146,195,153
101,147,195,153
110,147,195,153
122,146,195,153
134,148,195,153
148,148,195,153
162,149,195,153
177,151,195,153
192,153,195,153
207,155,195,153
221,158,195,153
234,162,195,153
246,165,195,153
257,169,195,153
266,172,195,153
274,174,195,153
281,174,195,153
287,172,195,153
291,169,195,153
295,164,195,153
299,160,195,153
301,155,195,153
303,150,195,153
305,145,195,153
307,141,195,153
309,139,195,153
311,137,195,153
313,137,195,153
316,136,195,153
320,136,195,153
324,134,195,153
329,134,195,153
334,135,195,153
340,135,195,153
347,135,195,153
353,136,195,153
359,137,195,153
366,137,195,153
372,139,195,153
378,140,195,153
383,142,195,153
388,143,195,153
391,144,195,153
393,145,195,153
393,146,195,153
392,147,195,153
390,149,195,153
387,150,195,153
383,152,195,153
378,153,195,153
373,154,195,153
367,153,195,153
360,153,195,153
354,153,195,153
348,152,195,153
342,150,195,153
337,150,195,153
331,149,195,153
326,148,195,153
322,149,195,153
318,150,195,153
315,152,195,153
312,154,195,153
308,156,195,153
308,156,195,153
307,159,195,153
298,162,195,153
291,158,195,153
282,157,195,153
274,153,195,153
267,149,195,153
261,150,195,153
255,150,195,153
250,151,195,153
246,151,195,153
243,151,195,153
239,152,195,153
237,152,195,153
235,150,195,153
233,148,195,153
232,146,195,153
231,142,195,153
229,138,195,153
229,138,195,153
229,138,195,153
229,138,195,153
229,138,195,153
229,138,195,153
227,132,195,153
225,126,195,153
225,126,195,153
225,126,195,153
223,123,195,153
223,123,195,153
221,123,195,153
218,122,195,153
216,122,195,153
213,122,195,153
211,122,195,153
207,120,195,153
203,118,195,153
201,118,195,153
199,118,195,153
197,118,195,153
197,119,195,153
197,119,195,153
197,119,195,153
197,118,195,153
198,118,195,153
200,118,195,153
202,117,195,153
204,116,195,153
204,116,195,153
205,116,195,153
205,116,195,153
205,116,195,153
205,116,195,153
205,116,195,153
205,116,195,153
205,116,195,153
205,116,195,153
205,116,195,153
205,116,195,153
205,116,195,153
205,116,195,153
205,116,195,153
205,116,195,153
205,116,195,153
205,116,195,153
205,116,195,153
205,116,195,153
205,116,195,153
205,116,195,153
205,116,195,153
205,116,195,153
205,116,195,153
205,116,195,153
205,116,195,153
205,116,195,153
205,116,195,153
205,116,195,153
205,116,195,153
205,116,195,153
205,116,195,153
205,116,195,153
205,116,195,153
205,116,195,153
205,116,195,153
205,116,195,153
205,116,195,153
205,116,195,153
205,116,195,153
205,116,195,153
205,116,195,153
205,116,195,153
205,116,195,153
205,116,195,153
205,116,195,153
205,116,195,153
205,116,195,153
205,116,195,153
205,116,195,153
205,116,195,153
205,116,195,153
205,116,195,153
205,116,195,153
205,116,195,153
205,116,195,153
205,116,195,153
205,116,195,153
204,116,195,153
204,116,195,153
204,116,195,153
204,116,195,153
204,116,195,153
204,116,195,153
204,116,195,153
204,116,195,153
198,115,195,153
198,115,195,153
198,115,195,153
198,115,195,153
198,115,195,153
202,116,195,153
203,119,195,153
203,119,195,153
203,119,195,153
207,123,195,153
212,125,195,153
212,125,195,153
212,125,195,153
212,125,195,153
212,125,195,153
212,125,195,153
212,125,195,153
212,125,195,153
212,125,195,153
212,125,195,153
212,125,195,153
212,125,195,153
212,125,195,153
206,125,195,153
200,123,195,153
194,121,195,153
187,118,195,153
187,118,195,153
187,118,195,153
187,118,195,153
187,118,195,153
186,118,195,153
186,118,195,153
186,118,195,153
186,118,195,153
186,118,195,153
186,118,195,153
186,118,195,153
182,121,195,153
179,124,195,153
176,126,195,153
173,130,195,153
169,134,195,153
165,137,195,153
161,140,195,153
156,143,195,153
150,144,195,153
144,144,195,153
137,144,195,153
129,144,195,153
121,144,195,153
112,143,195,153
103,143,195,153
93,142,195,153
84,142,195,153
75,143,195,153
66,143,195,153
57,143,195,153
49,144,195,153
41,143,195,153
34,142,195,153
27,141,195,153
20,139,195,153
14,138,195,153
9,137,195,153
5,137,195,153
53,172,195,153
50,172,195,153
48,172,195,153
46,172,195,153
44,174,195,153
44,175,195,153
44,178,195,153
44,179,195,153
44,180,195,153
44,180,195,153
44,180,195,153
44,180,195,153
45,180,195,153
45,180,195,153
46,179,195,153
47,180,195,153
48,181,195,153
49,182,195,153
50,184,195,153
52,186,195,153
53,187,195,153
55,187,195,153
56,188,195,153
57,188,195,153
59,189,195,153
60,189,195,153
62,190,195,153
